    #         X           Y           Z       CHARGE      MIN DIST   ATOMIC VOL
 --------------------------------------------------------------------------------
    1    2.797173    1.614955   14.740141   11.212599     0.749140    99.763024
    2    2.797184    8.074755   23.875719   11.210473     0.751783    14.020187
    3    0.000000    0.000000   19.307950   11.244129     0.695905    14.263825
    4    5.594351    6.459810   14.740141   11.228103     0.749140   100.953297
    5    5.594363    3.229900   23.875719   11.274559     0.760132    14.352651
    6    8.391530    1.614955   14.740141   11.236683     0.749140   100.630984
    7   -2.797173    8.074755   23.875719   11.212807     0.671316    14.044720
    8    5.594357    0.000000   19.307950   11.186751     0.631087    14.017649
    9   -0.000006    6.459810   14.740141   11.218602     0.749140    99.997356
   10   -2.797178    4.844855   19.307950   11.202418     0.631087    14.082788
   11    0.000006    3.229900   23.875719   11.261294     0.693082    14.292588
   12    2.797178    4.844855   19.307950   11.207194     0.631087    14.103091
   13    1.852661    3.647769   28.522090    1.137318     0.061363   672.584900
   14    0.112648    4.400175   28.150292    6.378496     0.566714   309.955005
   15    0.973759    3.217691   28.376479    6.118278     0.454876   307.594761
   16    2.849827    4.864922   26.143632    9.940713     0.931652    19.700845
   17    6.972001    2.421342   26.140426    9.998850     0.816240    43.745724
   18    4.195762    4.037382   21.591814   10.096915     1.033388    16.173169
   19    9.790130    0.807473   17.024046    9.842219     0.808136    15.288289
   20    4.195762    4.037382   14.740141   10.005436     0.679278   101.306911
   21    9.790130    0.807473   23.875719    9.910479     0.777878    15.608910
   22    6.992946    2.422427   19.307950   10.070678     1.021337    16.218005
   23    8.391541    3.229900   23.875719    9.897411     0.802650    15.597067
   24    5.594357    4.844855   19.307950    9.888922     0.742277    15.506548
   25    6.992941    4.037382   14.740141   10.005536     0.679278   102.284847
   26    6.992952    0.807473   23.875719    9.730741     0.751783    15.015042
   27   -1.398589    2.422427   19.307950    9.866200     0.953317    15.334817
   28    9.765834    2.387370   26.113828   10.081373     0.972855    24.021191
   29    6.992941    4.037382   21.591814   10.037557     1.011369    15.940529
   30    6.992952    0.807473   17.024046    9.887296     0.905490    15.500627
   31    5.594351    1.614955   14.740141    9.995301     1.068930   103.820274
   32    5.585742    9.655389   26.181125   10.106401     1.016131    35.632068
   33    2.797184    8.074755   17.024046   10.031335     0.781082    15.701120
   34    5.594351    6.459810   21.591814   10.097372     1.008957    15.860162
   35    4.193530    7.274046   26.146263    9.854065     0.858477    40.910047
   36    1.398584    8.882237   21.591814   10.055134     1.058117    16.045428
   37    6.992952    5.652328   17.024046    9.817187     0.949508    15.146167
   38    1.398584    8.882237   14.740141   10.016161     0.679278   104.583335
   39    6.992952    5.652328   23.875719    9.972852     0.879767    15.782333
   40    4.195768    7.267283   19.307950   10.055717     1.021337    16.154558
   41    2.797173    6.459810   14.740141    9.995493     1.068930   102.965849
   42    5.594363    8.074755   23.875719    9.732185     0.802650    14.905913
   43    5.605356    4.819158   26.148442    9.924525     0.926899    37.809584
   44    8.391535    0.000000   19.307950    9.896186     0.742277    15.533619
   45    4.195773    5.652328   23.875719    9.849950     0.751783    15.457482
   46   -4.195768    7.267283   19.307950    9.840448     0.896949    15.232455
   47   -4.175695    7.266643   26.142934   10.080219     1.039053    50.072700
   48    4.195762    8.882237   21.591814    9.959989     0.850035    15.638519
   49    4.195773    5.652328   17.024046    9.902171     0.937400    15.556460
   50    2.793710    9.659866   26.143550   10.110051     0.980599    48.821517
   51    2.797173    6.459810   21.591814   10.123280     0.937459    16.344900
   52    5.594363    8.074755   17.024046    9.890667     0.777870    15.457482
   53    4.195762    8.882237   14.740141    9.953872     0.679278   101.905854
   54    5.594351    1.614955   21.591814   10.103586     0.997383    16.267071
   55    1.398584    4.037382   21.591814   10.025662     0.956859    15.872005
   56    8.391530    1.614955   21.591814   10.081677     1.040475    15.802636
   57   -2.797173    8.074755   17.024046   10.001158     0.777870    15.613140
   58    0.001594    9.681890   26.182070    9.970865     0.946298    52.161389
   59    2.797184    3.229900   17.024046    9.929849     0.824085    15.605526
   60   -0.000006    1.614955   21.591814   10.085699     0.997383    16.112260
   61    0.015575    4.829681   26.171094    9.622221     0.954097    15.647825
   62    1.385761    2.378543   26.125832    9.952708     1.099476    17.489491
   63   -1.398595    4.037382   21.591814   10.001177     1.058114    15.815326
   64    4.195773    0.807473   17.024046    9.778005     0.970303    15.016734
   65   -0.000006    6.459810   21.591814   10.103601     0.977165    15.881311
   66   -1.398595    4.037382   14.740141   10.013455     0.679278   101.872862
   67    1.398589    2.422427   19.307950   10.059903     1.021337    16.182475
   68   -0.000006    1.614955   14.740141    9.962537     1.068930   103.066519
   69    2.797184    3.229900   23.875719    9.854212     0.705659    15.341585
   70    0.000000    4.844855   19.307950    9.906016     0.709426    15.572534
   71    1.398584    4.037382   14.740141   10.007757     0.679278   101.226544
   72    1.398595    0.807473   23.875719    9.669040     0.751783    14.718108
   73    4.195768    2.422427   19.307950    9.870388     0.896949    15.355966
   74    4.222621    2.425625   26.138453    9.930529     0.894980    26.831489
   75    4.195773    0.807473   23.875719    9.910085     0.865417    15.565766
   76    0.000006    8.074755   17.024046    9.899383     0.893797    15.480323
   77   -2.797184    6.459810   21.591814   10.133256     0.937459    16.393966
   78   -2.788155    9.651969   26.135164   10.029244     0.902940    34.952758
   79    5.594363    3.229900   17.024046    9.998737     0.781082    15.602988
   80    8.375827    4.837336   26.158638   10.030126     0.946002    29.212882
   81    0.000006    3.229900   17.024046   10.035859     0.777870    15.685893
   82    2.797173    1.614955   21.591814   10.134103     0.977165    16.001438
   83   -1.417862    7.278377   26.131793    9.874977     0.806181    30.747463
   84   -4.195773    8.882237   21.591814   10.164123     1.032858    16.429497
   85    1.398595    5.652328   17.024046    9.807330     0.949508    15.090333
   86   -4.195773    8.882237   14.740141   10.064180     0.679278   105.823521
   87    1.398595    5.652328   23.875719    9.855611     0.879767    15.239223
   88   -1.398589    7.267283   19.307950   10.052468     1.021337    16.147790
   89   -2.797184    6.459810   14.740141    9.994339     1.058125   104.859966
   90    0.000006    8.074755   23.875719    9.752562     0.802650    14.974436
   91    2.797178    0.000000   19.307950    9.892998     0.742277    15.520930
   92   -1.398595    8.882237   14.740141    9.993019     0.679278   103.748367
   93   -1.398584    5.652328   23.875719    9.815808     0.751783    15.362734
   94    1.398589    7.267283   19.307950    9.892752     0.896949    15.442255
   95    1.432430    7.288009   26.124229   10.096860     0.939115    31.264348
   96   -1.398595    8.882237   21.591814   10.054363     1.011369    15.968445
   97   -1.398584    5.652328   17.024046    9.891105     0.856112    15.572534
   98    1.398595    0.807473   17.024046    9.899634     0.856112    15.518392
   99    8.391541    3.229900   17.024046    9.946439     0.781082    15.656284
 --------------------------------------------------------------------------------
    VACUUM CHARGE:               0.0000
    VACUUM VOLUME:               0.0000
    NUMBER OF ELECTRONS:       985.0000
