    #         X           Y           Z       CHARGE      MIN DIST   ATOMIC VOL
 --------------------------------------------------------------------------------
    1    2.797173    1.614955   14.740141   11.213926     0.749140   105.756690
    2    8.391530    1.614955   14.740141   11.213235     0.749140   105.751614
    3    5.594351    6.459810   14.740141   11.213248     0.749140   105.754998
    4   -2.797173    8.074755   23.875719   11.223993     0.671316    14.109859
    5   -2.797178    4.844855   19.307950   11.178594     0.631087    13.971967
    6   -0.000006    6.459810   14.740141   11.213147     0.749140   105.754152
    7    0.000000    0.000000   19.307950   11.179565     0.631087    13.976197
    8    2.797184    8.074755   23.875719   11.225555     0.671316    14.115781
    9    5.594357    0.000000   19.307950   11.178123     0.631087    13.970275
   10    5.594363    3.229900   23.875719   11.225294     0.671316    14.114935
   11    2.797178    4.844855   19.307950   11.178165     0.631087    13.970275
   12    0.000006    3.229900   23.875719   11.224772     0.671316    14.112397
   13    9.790130    0.807473   23.875719    9.955166     0.879767    15.760338
   14    6.992946    2.422427   19.307950   10.055324     1.021337    16.158788
   15    5.594351    1.614955   14.740141    9.989062     1.068930   109.560151
   16    8.391541    3.229900   23.875719    9.844229     0.802650    15.292519
   17    5.594357    4.844855   19.307950    9.905467     0.742277    15.558998
   18    6.992941    4.037382   14.740141    9.988426     0.679278   108.897760
   19    6.992952    0.807473   23.875719    9.778355     0.751783    15.193541
   20   -1.398589    2.422427   19.307950    9.868565     0.896949    15.348353
   21   -1.380609    2.432427   26.140631   10.101291     0.940989   102.014984
   22    6.992941    4.037382   21.591814   10.046171     1.011369    15.970983
   23    6.992952    0.807473   17.024046    9.910854     0.905490    15.574226
   24    5.594055    4.824390   26.140590   10.083686     1.103718   100.317131
   25    5.594351    1.614955   21.591814   10.099636     0.937459    16.264533
   26    8.391541    3.229900   17.024046    9.920992     0.824085    15.576763
   27    8.391530    1.614955   21.591814   10.110497     1.011369    15.931223
   28    5.594363    3.229900   17.024046   10.008122     0.781082    15.624983
   29    4.195762    4.037382   14.740141   10.040623     0.679278   109.980595
   30    9.790130    0.807473   17.024046    9.813480     0.949508    15.128402
   31    8.391535    0.000000   19.307950    9.905242     0.742277    15.558998
   32    6.975548    2.432931   26.140590    9.798205     0.962042   103.427746
   33    4.195762    8.882237   14.740141    9.986247     0.679278   108.875765
   34    4.195773    5.652328   23.875719    9.776163     0.751783    15.186773
   35   -4.195768    7.267283   19.307950    9.869523     0.896949    15.351737
   36   -4.177911    7.277127   26.140631   10.100837     0.940866   102.018368
   37    4.195762    8.882237   21.591814   10.045542     1.011369    15.966754
   38    4.195773    5.652328   17.024046    9.911033     0.905490    15.575071
   39    2.796921    9.669303   26.140549   10.083299     1.103757   100.318823
   40    2.797173    6.459810   21.591814   10.098047     0.937459    16.259458
   41    5.594363    8.074755   17.024046    9.921343     0.824085    15.577609
   42    5.594351    6.459810   21.591814   10.110545     1.011369    15.931223
   43    2.797184    8.074755   17.024046   10.009751     0.781082    15.629213
   44   -0.000117    0.000262   26.171957    9.991712     1.038899   126.688415
   45    2.797173    6.459810   14.740141    9.989611     1.068930   109.571994
   46    4.195768    7.267283   19.307950   10.055647     1.021337    16.160480
   47    6.992952    5.652328   23.875719    9.954634     0.879767    15.758646
   48    1.398584    8.882237   14.740141   10.039874     0.679278   109.982287
   49    6.992952    5.652328   17.024046    9.814389     0.949508    15.131786
   50    5.594363    8.074755   23.875719    9.843745     0.802650    15.291673
   51    4.195762    4.037382   21.591814   10.074960     1.058114    16.135947
   52   -1.415982    7.277641   26.140714    9.829658     0.962115   103.534338
   53    1.398584    8.882237   21.591814   10.076183     1.058114    16.140176
   54   -1.398595    4.037382   14.740141   10.041240     0.679278   109.977212
   55    4.195773    0.807473   23.875719    9.954149     0.879767    15.757800
   56    1.398589    2.422427   19.307950   10.055729     1.021337    16.161326
   57   -0.000006    1.614955   14.740141    9.989213     1.068930   109.564380
   58    2.797184    3.229900   23.875719    9.843698     0.802650    15.290827
   59    0.000000    4.844855   19.307950    9.904872     0.742277    15.558998
   60    1.398584    4.037382   14.740141    9.986735     0.679278   108.888454
   61    1.398595    0.807473   23.875719    9.776269     0.751783    15.186773
   62    4.195773    0.807473   17.024046    9.813617     0.949508    15.129248
   63    4.195768    2.422427   19.307950    9.869022     0.896949    15.350045
   64    1.398584    4.037382   21.591814   10.046591     1.011369    15.968445
   65    1.398595    0.807473   17.024046    9.910153     0.905490    15.571688
   66   -0.000330    4.824264   26.140590   10.053581     1.074919   100.218153
   67   -0.000006    1.614955   21.591814   10.099425     0.937459    16.263687
   68    2.797184    3.229900   17.024046    9.921308     0.824085    15.577609
   69    2.797173    1.614955   21.591814   10.111394     1.011369    15.933761
   70    0.000006    3.229900   17.024046   10.010898     0.781082    15.632597
   71    2.796972    4.844942   26.171875    9.991843     1.038731   126.678263
   72    4.213603    2.432408   26.140508   10.100348     0.940860   102.020906
   73   -1.398595    4.037382   21.591814   10.075383     1.058114    16.136793
   74    1.380810    2.433009   26.140590    9.798237     0.962324   103.426055
   75    0.000134    9.689652   26.171957    9.989227     1.038812   126.668112
   76   -4.195773    8.882237   21.591814   10.075488     1.058114    16.136793
   77    1.398595    5.652328   17.024046    9.813530     0.949508    15.128402
   78   -4.195773    8.882237   14.740141   10.040761     0.679278   109.967060
   79    1.398595    5.652328   23.875719    9.953589     0.879767    15.755262
   80   -1.398589    7.267283   19.307950   10.055614     1.021337    16.159634
   81   -2.797184    6.459810   14.740141    9.989580     1.068930   109.564380
   82    0.000006    8.074755   23.875719    9.843732     0.802650    15.290827
   83    2.797178    0.000000   19.307950    9.905999     0.742277    15.560690
   84   -1.398595    8.882237   14.740141    9.986880     0.679278   108.896068
   85   -1.398584    5.652328   23.875719    9.775428     0.751783    15.185081
   86    1.398589    7.267283   19.307950    9.868906     0.896949    15.349199
   87    1.416542    7.277137   26.140590   10.101136     0.940859   102.014984
   88   -1.398595    8.882237   21.591814   10.045408     1.011369    15.967599
   89   -1.398584    5.652328   17.024046    9.909910     0.905490    15.570842
   90   -2.797559    9.669400   26.140631   10.083163     1.103641   100.322207
   91   -2.797184    6.459810   21.591814   10.098666     0.937459    16.261996
   92    0.000006    8.074755   17.024046    9.921328     0.824085    15.576763
   93   -0.000006    6.459810   21.591814   10.113473     1.011369    15.940529
   94   -2.797173    8.074755   17.024046   10.010813     0.781082    15.632597
   95   -2.797016    4.844690   26.171998    9.991893     1.038707   126.696029
   96    4.178000    7.277786   26.140590    9.798020     0.962356   103.427746
 --------------------------------------------------------------------------------
    VACUUM CHARGE:               0.0000
    VACUUM VOLUME:               0.0000
    NUMBER OF ELECTRONS:       972.0000
