    #         X           Y           Z       CHARGE      MIN DIST   ATOMIC VOL
 --------------------------------------------------------------------------------
    1    2.797173    1.614955   14.740141   11.222429     0.749140    99.752026
    2    2.797184    8.074755   23.875719   11.216652     0.656279    14.022725
    3    0.000000    0.000000   19.307950   11.211583     0.631087    14.119165
    4    5.594351    6.459810   14.740141   11.201906     0.749140   100.862779
    5    5.594363    3.229900   23.875719   11.226098     0.671316    14.119165
    6   -2.797178    4.844855   19.307950   11.201692     0.631087    14.089556
    7   -2.797173    8.074755   23.875719   11.230403     0.671316    14.065023
    8    5.594357    0.000000   19.307950   11.205263     0.631087    14.108167
    9   -0.000006    6.459810   14.740141   11.225218     0.749140   101.946461
   10    8.391530    1.614955   14.740141   11.226043     0.749140   100.191082
   11    2.797178    4.844855   19.307950   11.194437     0.631087    14.037952
   12    0.000006    3.229900   23.875719   11.237982     0.671316    14.100554
   13    0.527123    0.753181   28.481309    1.089553     0.141404   920.192244
   14   -5.547012    9.633849   28.207599    6.519438     0.593218   301.393834
   15    6.992941    4.037382   21.591814   10.011825     0.933342    15.825477
   16    2.783629    4.850436   26.181700    9.951502     0.875464    48.858740
   17    6.964527    2.442369   26.139357    9.785335     0.786141    47.887571
   18    4.195762    4.037382   21.591814   10.080860     1.062192    16.119873
   19    9.790130    0.807473   17.024046    9.803881     0.905490    15.085257
   20    4.195762    4.037382   14.740141   10.033678     0.679278   105.694088
   21    9.790130    0.807473   23.875719    9.984633     0.879767    15.792485
   22    6.992946    2.422427   19.307950   10.065757     1.021337    16.196010
   23    5.594351    1.614955   14.740141    9.970205     1.043881   104.050377
   24    5.584282    4.829361   26.140302   10.131536     0.995876    49.590500
   25    5.594357    4.844855   19.307950    9.883485     0.742277    15.487091
   26    6.992941    4.037382   14.740141    9.978651     0.679278   104.722920
   27    6.992952    0.807473   23.875719    9.827593     0.892111    15.344123
   28   -1.398589    2.422427   19.307950    9.873399     0.896949    15.367810
   29   -1.404402    2.464994   26.120816   10.010867     1.037769    25.038042
   30    6.992952    0.807473   17.024046    9.868123     0.879116    15.480323
   31    8.391541    3.229900   23.875719    9.830676     0.705659    15.291673
   32   11.159036    0.019079   26.212903    9.559255     0.856153    15.377962
   33    2.797184    8.074755   17.024046   10.044542     0.781082    15.824631
   34    4.155751    7.262118   26.112183    9.783590     1.001308    26.653836
   35    1.398584    8.882237   21.591814   10.063773     0.949632    16.072499
   36    6.992952    5.652328   17.024046    9.840892     0.905490    15.239223
   37    1.398584    8.882237   14.740141   10.068958     0.679278   106.337022
   38    6.992952    5.652328   23.875719    9.977662     0.827142    15.789101
   39    4.195768    7.267283   19.307950   10.074361     1.021337    16.234079
   40    2.797173    6.459810   14.740141    9.976507     1.043881   103.599477
   41    5.594363    8.074755   23.875719    9.831648     0.705659    15.323820
   42    8.391535    0.000000   19.307950    9.920893     0.742277    15.613140
   43    4.195762    8.882237   14.740141    9.973245     0.679278   101.800955
   44    4.195773    5.652328   23.875719    9.748261     0.849958    15.014196
   45   -4.195768    7.267283   19.307950    9.878605     0.896949    15.366118
   46   -4.176534    7.264124   26.113622    9.949196     1.063586    26.746892
   47    4.195762    8.882237   21.591814   10.025918     1.011369    15.866084
   48    4.195773    5.652328   17.024046    9.875017     0.905490    15.460020
   49    2.758275    9.677133   26.118309    9.907953     1.002500    27.443122
   50    2.797173    6.459810   21.591814   10.063551     1.051409    16.120719
   51    5.594363    8.074755   17.024046    9.880824     0.893797    15.370348
   52    5.594351    6.459810   21.591814   10.137155     1.011369    16.021741
   53    5.594351    1.614955   21.591814   10.073543     0.937459    16.134255
   54    8.391541    3.229900   17.024046    9.904528     0.893797    15.493013
   55    1.398584    4.037382   21.591814   10.001099     0.933342    15.813634
   56    5.594363    3.229900   17.024046   10.020755     0.781082    15.676587
   57   -2.797173    8.074755   17.024046   10.028011     0.781082    15.691815
   58    5.583135    0.009903   26.183591    9.956488     0.856696    53.548772
   59    2.797184    3.229900   17.024046    9.930085     0.824085    15.620754
   60   -0.000006    1.614955   21.591814   10.148257     0.937459    16.448954
   61   -0.011586    4.843276   26.142399   10.020276     1.027402    39.929573
   62    1.379731    2.463056   26.117158    9.767558     0.911728    20.476596
   63   -1.398595    4.037382   21.591814   10.098857     1.072309    16.194318
   64    4.195773    0.807473   17.024046    9.849764     0.905490    15.226534
   65   -0.000006    6.459810   21.591814   10.106773     0.955474    15.948142
   66   -1.398595    4.037382   14.740141   10.075303     0.679278   104.110441
   67    1.398589    2.422427   19.307950   10.094915     1.021337    16.293296
   68   -0.000006    1.614955   14.740141    9.963839     1.068930   101.186784
   69    2.797184    3.229900   23.875719    9.821124     0.705659    15.257834
   70    0.000000    4.844855   19.307950    9.910421     0.742277    15.581839
   71    1.398584    4.037382   14.740141   10.006441     0.679278   102.218862
   72    1.398595    0.807473   23.875719    9.836346     0.893806    15.374578
   73    4.195768    2.422427   19.307950    9.883123     0.896949    15.398265
   74    4.204478    2.442456   26.141042   10.252644     0.934747    39.693549
   75    4.195773    0.807473   23.875719    9.973313     0.879767    15.755262
   76    1.398595    0.807473   17.024046    9.830364     0.905490    15.265448
   77    0.000006    8.074755   17.024046    9.898461     0.824085    15.462558
   78   -2.784949    9.677811   26.117898   10.007652     1.003451    24.350272
   79    8.382573    4.852180   26.184126   10.047882     0.957989    55.200097
   80    0.000006    3.229900   17.024046   10.035761     0.781082    15.713810
   81    2.797173    1.614955   21.591814   10.119587     1.011369    15.965062
   82   -1.418237    7.281933   26.136973    9.819024     0.961753    47.703997
   83   -4.195773    8.882237   21.591814   10.020294     1.031355    15.883003
   84    1.398595    5.652328   17.024046    9.835629     0.905490    15.188465
   85   -4.195773    8.882237   14.740141   10.071686     0.679278   102.479419
   86    1.398595    5.652328   23.875719   10.000489     0.879767    15.890617
   87   -2.797184    6.459810   21.591814   10.107745     0.937459    16.284837
   88   -1.398589    7.267283   19.307950   10.092798     1.021337    16.283991
   89    0.000006    8.074755   23.875719    9.831630     0.705659    15.338201
   90    2.797178    0.000000   19.307950    9.903904     0.742277    15.553076
   91   -1.398595    8.882237   14.740141    9.988199     0.679278   102.986152
   92   -1.398584    5.652328   23.875719    9.806728     0.849958    15.256142
   93    1.398589    7.267283   19.307950    9.906573     0.896949    15.478631
   94    1.397526    7.281042   26.139357   10.097326     1.037002    50.463536
   95   -1.398595    8.882237   21.591814   10.010965     0.926749    15.847472
   96   -1.398584    5.652328   17.024046    9.879346     0.905490    15.470172
   97   -2.797184    6.459810   14.740141    9.981996     1.043881   103.804201
   98    8.391530    1.614955   21.591814   10.099997     0.992599    15.901614
 --------------------------------------------------------------------------------
    VACUUM CHARGE:               0.0000
    VACUUM VOLUME:               0.0000
    NUMBER OF ELECTRONS:       979.0000
